[Label Friday Hungry None Some Full French Italian Thai Chinese]
[+1 0 1 0 1 0 1 0 0 0]
+1 1:1 3:1 5:1
[-1 0 1 0 0 1 0 0 1 0]
-1 1:1 4:1 7:1
[+1 0 0 0 1 0 0 0 0 1]
+1 3:1 8:1
[+1 1 1 0 0 1 0 0 1 0]
+1 0:1 1:1 4:1 7:1
[-1 1 0 0 0 1 1 0 0 0]
-1 0:1 4:1 5:1
[+1 0 1 0 1 0 0 1 0 0]
+1 1:1 3:1 6:1
[-1 0 0 1 0 0 0 0 1 0]
-1 2:1 7:1
[+1 0 1 0 1 0 0 0 1 0]
+1 1:1 3:1 7:1
[-1 1 0 0 0 1 0 0 0 1]
-1 0:1 4:1 8:1

TEST SET
[-1 1 1 0 0 1 0 1 0 0]
-1 0:1 1:1 4:1 6:1
[-1 0 0 1 0 0 0 0 1 0]
-1 2:1 7:1
[+1 1 1 0 0 1 0 0 0 1]
+1 0:1 1:1 4:1 8:1
